255 255 255 255 255 255 255 255 255 255 255 255 255 255 255 255
255 219 159 159 159 159 159 159 159 159 159 159 159 159 219 255
255 159   0   0   0   0   0   0   0   0   0   0   0   0 159 255
255 159   0 195 223 189  91 136 118  61 186 223 195   0 159 255
255 159   0 223 232 141 117  65  79  73 142 227 223   0 159 255
255 159   0 188 149 135 146 116 156 131 153 133 187   0 159 255
255 159   0 137 138 114 169 165 120 139 137 173 125   0 159 255
255 159   0 133 142 142  93 104  90  74 140 161 149   0 159 255
255 159   0 141 149 141 153  95 107 157 159 162 151   0 159 255
255 159   0 146 155 137 141 127 141 171 153 159 135   0 159 255
255 159   0 204 144  91 130  96  89 162 144 157 193   0 159 255
255 159   0 223 227 137 169 140 123  99 157 233 223   0 159 255
255 159   0 195 223 204 142 142 126 147 196 223 195   0 159 255
255 159   0   0   0   0   0   0   0   0   0   0   0   0 159 255
255 219 159 159 159 159 159 159 159 159 159 159 159 159 219 255
255 255 255 255 255 255 255 255 255 255 255 255 255 255 255 255
255 255 255 255 255 255 255 255 255 255 255 255 255 255 255 255
255 219 159 159 159 159 159 159 159 159 159 159 159 159 219 255
255 159   0   0   0   0   0   0   0   0   0   0   0   0 159 255
255 159   0 195 223 202 124 172 159  93 203 223 195   0 159 255
255 159   0 223 243 181 153 107 129 110 181 237 223   0 159 255
255 159   0 201 196 180 196 155 207 178 203 176 203   0 159 255
255 159   0 174 184 154 216 217 159 190 178 215 162   0 159 255
255 159   0 174 183 184 135  71  50 113 192 212 187   0 159 255
255 159   0 179 194 188 208  69  72 208 209 210 187   0 159 255
255 159   0 178 204 187 190 180 193 219 197 206 175   0 159 255
255 159   0 212 191 129 177 128 130 214 189 202 207   0 159 255
255 159   0 223 239 188 215 189 175 137 201 244 223   0 159 255
255 159   0 195 223 207 176 190 164 184 209 223 195   0 159 255
255 159   0   0   0   0   0   0   0   0   0   0   0   0 159 255
255 219 159 159 159 159 159 159 159 159 159 159 159 159 219 255
255 255 255 255 255 255 255 255 255 255 255 255 255 255 255 255
255 255 255 255 255 255 255 255 255 255 255 255 255 255 255 255
255 219 159 159 159 159 159 159 159 159 159 159 159 159 219 255
255 159   0   0   0   0   0   0   0   0   0   0   0   0 159 255
255 159   0 195 223 208 150 190 180 145 207 223 195   0 159 255
255 159   0 223 246 203 178 158 174 151 199 242 223   0 159 255
255 159   0 208 211 199 210 184 222 199 218 201 207   0 159 255
255 159   0 187 202 181 226 228 186 212 206 232 178   0 159 255
255 159   0 186 204 209 164  66  48 158 212 224 197   0 159 255
255 159   0 190 216 209 222  62  64 223 226 223 197   0 159 255
255 159   0 192 219 209 213 199 207 233 216 220 191   0 159 255
255 159   0 215 209 163 204 161 159 226 210 220 213   0 159 255
255 159   0 223 243 206 231 208 196 170 219 248 223   0 159 255
255 159   0 195 223 209 187 202 187 198 214 223 195   0 159 255
255 159   0   0   0   0   0   0   0   0   0   0   0   0 159 255
255 219 159 159 159 159 159 159 159 159 159 159 159 159 219 255
255 255 255 255 255 255 255 255 255 255 255 255 255 255 255 255

255 255 255 255 255 255 255 255 255 255 255 255 255 255 255 255
255 219 159 159 159 159 159 159 159 159 159 159 159 159 219 255
255 159   0   0   0   0   0   0   0   0   0   0   0   0 159 255
255 159   0 195 223 187 125 149 151 135 193 223 195   0 159 255
255 159   0 223 227 133 173 161 162 159 157 233 223   0 159 255
255 159   0 186 142 153 137 140 159 153 144 157 196   0 159 255
255 159   0  61  73 131 139  74 157 171 162  99 147   0 159 255
255 159   0 118  79 156 120  90 107 141  89 123 126   0 159 255
255 159   0 136  65 116 165 104  95 127  96 140 142   0 159 255
255 159   0  91 117 146 169  93 153 141 130 169 142   0 159 255
255 159   0 189 141 135 114 142 141 137  91 137 204   0 159 255
255 159   0 223 232 149 138 142 149 155 144 227 223   0 159 255
255 159   0 195 223 188 137 133 141 146 204 223 195   0 159 255
255 159   0   0   0   0   0   0   0   0   0   0   0   0 159 255
255 219 159 159 159 159 159 159 159 159 159 159 159 159 219 255
255 255 255 255 255 255 255 255 255 255 255 255 255 255 255 255
255 255 255 255 255 255 255 255 255 255 255 255 255 255 255 255
255 219 159 159 159 159 159 159 159 159 159 159 159 159 219 255
255 159   0   0   0   0   0   0   0   0   0   0   0   0 159 255
255 159   0 195 223 203 162 187 187 175 207 223 195   0 159 255
255 159   0 223 237 176 215 212 210 206 202 244 223   0 159 255
255 159   0 203 181 203 178 192 209 197 189 201 209   0 159 255
255 159   0  93 110 178 190 113 208 219 214 137 184   0 159 255
255 159   0 159 129 207 159  50  72 193 130 175 164   0 159 255
255 159   0 172 107 155 217  71  69 180 128 189 190   0 159 255
255 159   0 124 153 196 216 135 208 190 177 215 176   0 159 255
255 159   0 202 181 180 154 184 188 187 129 188 207   0 159 255
255 159   0 223 243 196 184 183 194 204 191 239 223   0 159 255
255 159   0 195 223 201 174 174 179 178 212 223 195   0 159 255
255 159   0   0   0   0   0   0   0   0   0   0   0   0 159 255
255 219 159 159 159 159 159 159 159 159 159 159 159 159 219 255
255 255 255 255 255 255 255 255 255 255 255 255 255 255 255 255
255 255 255 255 255 255 255 255 255 255 255 255 255 255 255 255
255 219 159 159 159 159 159 159 159 159 159 159 159 159 219 255
255 159   0   0   0   0   0   0   0   0   0   0   0   0 159 255
255 159   0 195 223 207 178 197 197 191 213 223 195   0 159 255
255 159   0 223 242 201 232 224 223 220 220 248 223   0 159 255
255 159   0 207 199 218 206 212 226 216 210 219 214   0 159 255
255 159   0 145 151 199 212 158 223 233 226 170 198   0 159 255
255 159   0 180 174 222 186  48  64 207 159 196 187   0 159 255
255 159   0 190 158 184 228  66  62 199 161 208 202   0 159 255
255 159   0 150 178 210 226 164 222 213 204 231 187   0 159 255
255 159   0 208 203 199 181 209 209 209 163 206 209   0 159 255
255 159   0 223 246 211 202 204 216 219 209 243 223   0 159 255
255 159   0 195 223 208 187 186 190 192 215 223 195   0 159 255
255 159   0   0   0   0   0   0   0   0   0   0   0   0 159 255
255 219 159 159 159 159 159 159 159 159 159 159 159 159 219 255
255 255 255 255 255 255 255 255 255 255 255 255 255 255 255 255

254 254 253 253 253 253 253 253 253 253 253 253 253 253 254 254
254 212 150 150 150 150 150 150 150 150 150 150 150 150 212 254
253 150  10  48  52  52  52  46  46  52  52  52  48  10 150 253
253 150  48 214 232 210 149 119 112 147 211 232 214  48 150 253
253 150  52 232 212 136 134 133 135 125 128 215 232  52 150 253
253 150  52 207 139 143 139 133 130 131 125 134 211  52 150 253
253 150  51 153 139 140 136 125 124 133 133 128 149  51 150 253
253 150  45 133 138 141 132 102 101 128 129 132 121  45 150 253
253 150  45 121 137 136 129 132 133 135 131 128 120  45 150 253
253 150  51 151 145 141 135 132 135 138 135 133 142  51 150 253
253 150  52 209 148 139 133 135 131 135 131 133 204  52 150 253
253 150  52 232 214 136 134 139 129 126 130 209 232  52 150 253
253 150  48 214 232 207 140 127 115 145 206 232 214  48 150 253
253 150  10  48  52  52  50  43  43  50  52  52  48  10 150 253
254 212 150 150 150 150 150 150 150 150 150 150 150 150 212 254
254 254 253 253 253 253 253 253 253 253 253 253 253 253 254 254
254 254 253 253 253 253 253 253 253 253 253 253 253 253 254 254
254 212 150 150 150 150 150 150 150 150 150 150 150 150 212 254
253 150  10  48  52  52  52  48  48  52  52  52  48  10 150 253
253 150  48 214 233 218 180 160 150 174 218 233 214  48 150 253
253 150  52 232 228 178 180 179 182 168 169 227 233  52 150 253
253 150  52 217 182 189 186 178 177 176 169 176 219  52 150 253
253 150  51 183 183 187 183 157 160 179 180 173 177  51 150 253
253 150  48 171 183 189 179  66  68 177 175 178 157  47 150 253
253 150  47 159 180 182 176 156 156 183 177 174 158  47 150 253
253 150  51 182 190 188 183 179 181 183 180 180 173  51 150 253
253 150  52 219 191 185 178 182 176 180 176 176 214  52 150 253
253 150  52 233 229 178 178 184 173 169 175 225 232  52 150 253
253 150  48 214 233 216 168 163 153 178 216 232 214  48 150 253
253 150  10  48  52  52  51  46  46  51  52  52  48  10 150 253
254 212 150 150 150 150 150 150 150 150 150 150 150 150 212 254
254 254 253 253 253 253 253 253 253 253 253 253 253 253 254 254
254 254 253 253 253 253 253 253 253 253 253 253 253 253 254 254
254 212 150 150 150 150 150 150 150 150 150 150 150 150 212 254
253 150  10  48  52  52  52  49  49  52  52  52  48  10 150 253
253 150  48 214 233 223 197 181 171 189 222 233 214  48 150 253
253 150  52 233 235 201 203 202 203 190 191 234 233  52 150 253
253 150  52 222 202 209 206 201 200 198 192 195 222  52 150 253
253 150  51 199 204 208 205 173 175 200 201 195 192  51 150 253
253 150  49 191 203 210 199  57  61 198 198 200 178  48 150 253
253 150  49 182 201 204 200 159 156 202 200 196 180  48 150 253
253 150  51 197 211 210 205 201 201 203 200 199 188  51 150 253
253 150  52 223 212 206 201 204 198 200 196 197 218  52 150 253
253 150  52 233 237 200 199 204 196 191 195 233 233  52 150 253
253 150  48 214 233 220 187 181 177 193 221 233 214  48 150 253
253 150  10  48  52  52  51  47  47  51  52  52  48  10 150 253
254 212 150 150 150 150 150 150 150 150 150 150 150 150 212 254
254 254 253 253 253 253 253 253 253 253 253 253 253 253 254 254

254 254 253 253 253 253 253 253 253 253 253 253 253 253 254 254
254 212 150 150 150 150 150 150 150 150 150 150 150 150 212 254
253 150  10  48  52  52  51  45  45  51  52  52  48  10 150 253
253 150  48 214 232 211 149 121 120 142 204 232 214  48 150 253
253 150  52 232 215 134 128 132 128 133 133 209 232  52 150 253
253 150  52 211 128 125 133 129 131 135 131 130 206  52 150 253
253 150  52 147 125 131 133 128 135 138 135 126 145  50 150 253
253 150  46 112 135 130 124 101 133 135 131 129 115  43 150 253
253 150  46 119 133 133 125 102 132 132 135 139 127  43 150 253
253 150  52 149 134 139 136 132 129 135 133 134 140  50 150 253
253 150  52 210 136 143 140 141 136 141 139 136 207  52 150 253
253 150  52 232 212 139 139 138 137 145 148 214 232  52 150 253
253 150  48 214 232 207 153 133 121 151 209 232 214  48 150 253
253 150  10  48  52  52  51  45  45  51  52  52  48  10 150 253
254 212 150 150 150 150 150 150 150 150 150 150 150 150 212 254
254 254 253 253 253 253 253 253 253 253 253 253 253 253 254 254
254 254 253 253 253 253 253 253 253 253 253 253 253 253 254 254
254 212 150 150 150 150 150 150 150 150 150 150 150 150 212 254
253 150  10  48  52  52  51  47  47  51  52  52  48  10 150 253
253 150  48 214 233 219 177 157 158 173 214 232 214  48 150 253
253 150  52 233 227 176 173 178 174 180 176 225 232  52 150 253
253 150  52 218 169 169 180 175 177 180 176 175 216  52 150 253
253 150  52 174 168 176 179 177 183 183 180 169 178  51 150 253
253 150  48 150 182 177 160  68 156 181 176 173 153  46 150 253
253 150  48 160 179 178 157  66 156 179 182 184 163  46 150 253
253 150  52 180 180 186 183 179 176 183 178 178 168  51 150 253
253 150  52 218 178 189 187 189 182 188 185 178 216  52 150 253
253 150  52 233 228 182 183 183 180 190 191 229 233  52 150 253
253 150  48 214 232 217 183 171 159 182 219 233 214  48 150 253
253 150  10  48  52  52  51  48  47  51  52  52  48  10 150 253
254 212 150 150 150 150 150 150 150 150 150 150 150 150 212 254
254 254 253 253 253 253 253 253 253 253 253 253 253 253 254 254
254 254 253 253 253 253 253 253 253 253 253 253 253 253 254 254
254 212 150 150 150 150 150 150 150 150 150 150 150 150 212 254
253 150  10  48  52  52  51  48  48  51  52  52  48  10 150 253
253 150  48 214 233 222 192 178 180 188 218 233 214  48 150 253
253 150  52 233 234 195 195 200 196 199 197 233 233  52 150 253
253 150  52 222 191 192 201 198 200 200 196 195 221  52 150 253
253 150  52 189 190 198 200 198 202 203 200 191 193  51 150 253
253 150  49 171 203 200 175  61 156 201 198 196 177  47 150 253
253 150  49 181 202 201 173  57 159 201 204 204 181  47 150 253
253 150  52 197 203 206 205 199 200 205 201 199 187  51 150 253
253 150  52 223 201 209 208 210 204 210 206 200 220  52 150 253
253 150  52 233 235 202 204 203 201 211 212 237 233  52 150 253
253 150  48 214 233 222 199 191 182 197 223 233 214  48 150 253
253 150  10  48  52  52  51  49  49  51  52  52  48  10 150 253
254 212 150 150 150 150 150 150 150 150 150 150 150 150 212 254
254 254 253 253 253 253 253 253 253 253 253 253 253 253 254 254
